1.         0.14546105
0.         0.68021383
2.         1.02184582
1.        1.3454876
0.         1.35376464
2.         3.87167519
1.         0.83725995
0.         0.22011627
2.         3.53809057
1.        7.4408116
0.        5.2807004
2.         0.02566744
1.         1.11946529
0.         0.16789088
2.         2.11734245
1.         1.49635209
0.         4.93628241
2.        0.0097675
1.         0.13245384
0.         0.63934605
2.         0.94179192
1.         1.72445523
0.        0.7506828
2.        0.1487856
1.         3.00429548
0.         5.15437527
2.         1.80316434
1.         2.74825782
0.         0.46686031
2.         1.28807718
1.         1.76804356
0.         3.54002368
2.        2.1251675
1.         1.14812052
0.         1.78247878
2.         0.87944565
1.         3.23315472
0.         0.74393437
2.         2.36276631
1.         0.25937062
0.         1.82015977
2.        2.1059905
1.         2.94567602
0.         2.49952822
2.         1.54957269
1.         0.94516963
0.         2.91966903
2.         1.13851139
1.         5.09476462
0.         1.64971118
2.         0.19893495
1.         1.50301593
0.         0.21335976
2.         2.16005416
1.         2.63462894
0.         0.07608982
2.         0.26019829
1.         0.00305417
0.         3.16776316
2.     1.6104
