0.        2.3201915
2.         1.39004893
1.         6.63839104
3.         4.16140951
0.        2.7696782
2.         2.80101213
1.         5.85909807
3.         1.50646425
0.         2.29348924
2.         0.64596748
1.         1.74010499
3.         0.37776947
0.         2.51695402
2.         0.13871642
1.         9.47633071
3.         9.97310599
0.         2.39726914
2.        3.1024236
1.         0.41108438
3.        0.4748908
0.         0.13870613
2.       0.510241
1.         1.05700176
3.         0.02901818
0.         1.31601105
2.         0.90820377
1.         0.50260856
3.         0.45794272
0.         0.21378662
2.         4.05632356
1.         5.14171888
3.        0.5562375
0.         0.47614274
2.        1.5441411
1.        6.1093046
3.         0.94766018
0.         4.87745774
2.         3.12703929
1.         0.00645119
3.         0.30141541
0.        0.8849557
2.        0.0798871
1.         0.52367343
3.         3.24171404
0.         0.09325235
2.         0.91370546
1.         1.25766593
3.        0.4095639
0.         0.94698784
2.         2.63836399
1.         0.52037122
3.        1.8679679
0.         5.46768776
2.         5.73153563
1.         0.31204033
3.         0.39398674
0.         1.32864695
2.         0.02380325
1.         1.07872914
3.         0.43536936
0.         0.45550286
2.         0.01962128
1.         1.95213538
3.         1.54154401
0.        1.2636401
2.         1.33108375
1.         0.30242214
3.         0.55886069
0.         0.09525163
2.         0.62512976
1.         0.84187518
3.        2.0615947
0.         6.39227291
2.         0.20120037
1.         3.51030769
3.        0.9832876
0.         0.07060147
2.        0.2599013
1.         3.74491207
3.         2.32143993
